[matrix([[2.98099881, 1.81499632, 2.90322715, 1.29303104, 0.35180217,
         1.44874645, 2.818725  , 2.09399618, 0.54236905, 0.12809905,
         2.81911617, 1.25039161, 2.35976889, 1.14158073, 0.55281639,
         0.84575126, 0.30223141, 0.26279959, 0.08878121, 1.77893996,
         1.28593666, 1.19122339, 0.84695378, 0.56849183, 0.57921298,
         2.1627926 , 2.08464991, 1.71227059, 1.36292439, 1.48531056,
         0.70468654, 2.06861175],
        [2.67250338, 2.60559264, 0.91362212, 0.96471867, 0.82275961,
         0.21600642, 1.8517796 , 1.03287162, 1.21624088, 0.70520718,
         0.3389571 , 1.22378964, 1.0497478 , 1.81927058, 0.78761871,
         0.38340248, 0.63871598, 2.81517331, 2.10638511, 1.34472248,
         1.80242979, 2.12836163, 1.89697971, 0.28929145, 2.24426258,
         1.55322105, 2.78267527, 1.15270008, 2.75014249, 0.11751463,
         1.29575085, 1.20146405],
        [1.43102269, 2.41297638, 2.64416706, 2.1142243 , 2.05184519,
         2.20450129, 0.55644156, 2.43422661, 0.80215498, 1.98691544,
         2.10715741, 2.98039021, 2.43879719, 0.33480722, 1.95214532,
         0.22917985, 2.92922948, 1.94284336, 0.55573091, 2.17828112,
         2.20050829, 0.52479223, 0.33964441, 0.43944797, 2.78366773,
         0.55545904, 0.40636048, 0.78163713, 1.6905242 , 1.13221361,
         2.27935057, 0.52767594],
        [0.7357714 , 1.22426444, 1.97737708, 1.98379827, 2.86598036,
         0.80981861, 2.64241925, 0.06889909, 1.08557538, 0.33893371,
         0.43064785, 2.66773719, 1.6382929 , 2.88682304, 1.07627138,
         0.25336012, 1.11023044, 0.74719808, 2.48234092, 2.16276548,
         1.3028899 , 2.47119969, 2.25094228, 2.521674  , 2.96901038,
         1.36133263, 1.84378698, 0.69845075, 1.11778627, 0.515932  ,
         0.74479481, 0.79212576],
        [0.40196522, 2.72440016, 2.00915557, 1.82936262, 2.68456682,
         0.87496701, 1.62118609, 0.38511766, 0.04410891, 1.50517411,
         0.12485594, 2.0772726 , 2.99512762, 1.20330171, 2.13794058,
         0.17012812, 2.45051528, 2.07874214, 1.01680841, 2.95963425,
         0.43231201, 1.61325422, 2.34689329, 2.02708847, 0.25053036,
         1.62312952, 2.14498917, 1.59126722, 2.65961015, 1.41378094,
         2.0551361 , 2.17461513],
        [1.29886469, 2.46229691, 1.90322371, 1.48589959, 0.19279866,
         1.62056106, 2.82436464, 0.47339625, 2.95407156, 0.67917965,
         0.77967063, 1.85529626, 2.73351927, 1.04288644, 2.08483404,
         2.28237532, 1.95408224, 0.33644416, 0.46771103, 2.03138245,
         2.23336421, 2.61767844, 0.01461312, 0.98916158, 1.57105679,
         1.94748695, 1.34790236, 1.59773046, 1.70609601, 1.75607461,
         0.15715523, 2.92179611],
        [0.09911876, 1.45417587, 0.6050809 , 1.9441722 , 0.69233001,
         1.65952176, 1.34792539, 1.89827263, 2.82105307, 2.61404324,
         2.78003231, 1.45553291, 2.64516996, 1.89447056, 1.30869603,
         2.91660829, 2.22013996, 1.21659408, 0.87914696, 1.88202763,
         0.6609191 , 1.71385732, 1.34272044, 2.09336652, 2.8527642 ,
         0.97407962, 0.11598842, 0.07233496, 0.19280325, 1.93511179,
         2.2321984 , 1.87273445],
        [0.96953747, 1.46885928, 2.17873068, 0.14173836, 0.91574926,
         0.69693681, 2.52279879, 2.84073558, 1.17638678, 1.92436265,
         2.56377258, 1.95008851, 2.2098426 , 1.00560863, 0.49310527,
         2.54957875, 2.22765947, 0.18689141, 2.71470738, 2.50016285,
         0.12107811, 1.0782667 , 0.05623108, 1.20105312, 1.61083091,
         1.36852801, 2.69608263, 0.60924334, 2.87988992, 2.9023383 ,
         1.62175895, 1.71716754],
        [1.97667773, 0.30757976, 0.58466861, 1.94339566, 1.1664592 ,
         0.25355857, 2.37546838, 2.39109652, 1.31056491, 1.82158644,
         0.40004195, 1.5492904 , 1.43531625, 2.14269272, 2.85420235,
         2.51545267, 2.62423335, 1.28467029, 1.87997294, 0.44507942,
         0.4543442 , 0.65335392, 0.27241005, 0.87784279, 1.89870609,
         0.1251991 , 0.11430091, 1.60270203, 0.74077155, 0.70779674,
         0.08532509, 0.8763525 ],
        [2.64033259, 0.2769304 , 1.73574534, 0.37797908, 1.89027649,
         0.42234759, 2.34997295, 2.29567407, 0.83155434, 2.35704832,
         2.59210499, 2.88141606, 0.29737235, 0.58024355, 1.31205151,
         0.98935986, 1.80298012, 1.48443652, 1.89419914, 0.87071893,
         1.68160473, 1.1362907 , 1.81636512, 0.06003598, 1.50310697,
         0.16605015, 2.81681202, 2.15350078, 2.50008829, 0.17365477,
         0.97010059, 2.42830656],
        [2.3056574 , 2.52409473, 2.60541053, 0.38659557, 1.78538561,
         0.52724001, 2.3216065 , 1.72893053, 1.06850207, 1.37859929,
         0.6497611 , 1.90162022, 0.97016726, 1.25464352, 0.13277015,
         0.05218259, 2.29002496, 0.09224785, 2.54332641, 2.95163881,
         0.4912191 , 2.83265522, 0.79580872, 0.13056627, 1.90274281,
         1.31487133, 2.8863308 , 0.64236467, 1.15255652, 0.36385879,
         1.65728632, 2.13718546]]), matrix([[0.44428804, 0.30050144, 0.34390306, ..., 2.19072914, 1.24013765,
         0.11965732],
        [2.74304081, 2.76562417, 0.43688308, ..., 1.53183192, 0.3715926 ,
         1.87953251],
        [1.8007872 , 0.58451861, 0.61957116, ..., 1.91749754, 1.54499601,
         1.09803732],
        ...,
        [2.50069181, 0.78439063, 0.09282091, ..., 0.80869687, 0.33765205,
         0.69400698],
        [1.15298046, 2.43767181, 2.52590852, ..., 1.70474337, 2.59852327,
         2.54150165],
        [2.78239625, 1.42123984, 0.33363445, ..., 2.76159945, 0.14260736,
         0.71740418]]), matrix([[1.33380603, 0.89618948, 0.48719644, ..., 1.03801837, 0.36632307,
         1.23594329],
        [1.67801768, 0.51641154, 2.2376775 , ..., 0.59016891, 2.0940564 ,
         1.51063099],
        [2.41702106, 0.01872367, 0.46322441, ..., 2.79123858, 0.0451499 ,
         1.34873959],
        ...,
        [1.77408866, 1.69738932, 2.65106784, ..., 1.57252008, 0.76800195,
         1.07046967],
        [0.08982512, 1.56911112, 2.74167213, ..., 0.84797335, 2.96926751,
         2.13772785],
        [1.05006916, 1.65813427, 1.15513932, ..., 0.69172991, 2.00227703,
         1.34960235]]), matrix([[0.40292431, 2.58011623, 2.27516451, ..., 1.1696523 , 1.12199605,
         1.33935199],
        [1.07477941, 2.16890125, 0.64237984, ..., 1.48303637, 1.00349268,
         2.35942745],
        [0.6600333 , 1.95639637, 1.04210174, ..., 2.84876752, 1.4216889 ,
         0.75513749],
        ...,
        [1.10628284, 2.00133614, 2.71815163, ..., 0.25423198, 0.68231492,
         2.42490353],
        [2.18211703, 1.22130515, 0.26580334, ..., 0.55188606, 2.37651295,
         2.40032771],
        [2.17019575, 0.50641661, 1.29845193, ..., 2.99335382, 2.06561906,
         2.56704548]]), matrix([[0.47288601, 1.61950618, 1.2236234 , ..., 1.94001026, 2.53003148,
         1.37185015],
        [2.37475589, 1.5210027 , 0.03247273, ..., 2.71032543, 0.88908501,
         1.31782363],
        [1.77877372, 1.43048721, 0.75391155, ..., 2.45406944, 2.83642771,
         2.4278072 ],
        ...,
        [1.20978056, 1.58951238, 0.80077484, ..., 1.11223853, 1.24871779,
         1.05986196],
        [0.10920566, 2.71345934, 2.31148523, ..., 1.31446132, 0.09966022,
         1.81714541],
        [2.26398031, 2.09710169, 2.36564144, ..., 1.80875165, 1.2674197 ,
         0.8203244 ]]), matrix([[1.10141711, 0.26757968, 0.13058261, ..., 2.09820495, 2.84081904,
         2.19105062],
        [0.40060737, 2.28012322, 1.44773865, ..., 0.12820129, 0.69513901,
         0.85826685],
        [1.99145324, 0.65778437, 0.98026654, ..., 0.59883617, 2.67673057,
         1.86071685],
        ...,
        [0.09240442, 1.22769715, 1.62715138, ..., 2.63644258, 1.44754004,
         0.24615504],
        [1.89595202, 0.43010773, 0.32788278, ..., 0.77089008, 2.1668898 ,
         0.56501201],
        [1.95527176, 0.93639302, 0.63332504, ..., 2.18017218, 2.86718301,
         2.24811726]]), matrix([[2.05435933, 0.2008798 , 0.17758885, ..., 1.66222813, 2.41463372,
         2.19405818],
        [0.02841669, 0.13171303, 2.54213186, ..., 1.0122584 , 0.05926267,
         0.72207901],
        [2.06841743, 1.00987649, 1.42671053, ..., 1.4323091 , 0.14638973,
         2.84483189],
        ...,
        [0.40399655, 2.53389277, 0.5735193 , ..., 0.12154493, 0.93691633,
         2.14478871],
        [0.44151112, 0.21096361, 1.68448588, ..., 0.89615089, 2.01982768,
         1.18349781],
        [1.29732291, 2.50931284, 1.97073207, ..., 0.47002616, 2.81363074,
         2.36132313]]), matrix([[0.19999351, 1.50994655],
        [2.90193305, 0.42326199],
        [2.9436497 , 2.02387962],
        [1.81386286, 2.37353382],
        [0.49033995, 1.2809718 ],
        [1.75574527, 0.78351423],
        [1.29666729, 1.56682151],
        [1.00709568, 2.55842913],
        [0.75001158, 1.4388712 ],
        [0.04572949, 0.48386586],
        [0.17025193, 2.31945872],
        [0.55637497, 2.76467181],
        [2.81514453, 0.49620086],
        [2.56840484, 1.45159143],
        [2.88718785, 1.51957295],
        [2.14233355, 2.10029799],
        [2.22668836, 1.68562874],
        [1.45709219, 1.84819245],
        [0.17354826, 0.66136834],
        [1.20217983, 0.23427537],
        [2.33863778, 2.48094709],
        [1.06013137, 0.52832236],
        [0.75602284, 0.85202109],
        [1.39521845, 1.51552629],
        [0.26462824, 2.4190621 ],
        [2.37265992, 1.87812985],
        [0.8678221 , 2.41046115],
        [1.24313643, 2.3796397 ],
        [2.45249136, 0.58075402],
        [2.68919734, 1.373511  ],
        [1.32783757, 1.65622383],
        [0.65619013, 1.12350667]])]
221.76000000000008
[matrix([[2.23594986, 2.78779059, 0.03936497, 0.11787417, 0.77555648,
         1.17617862, 1.91784623, 1.26511995, 1.4008368 ],
        [0.12736273, 0.76666016, 0.68259867, 2.93106016, 1.23195488,
         2.02012034, 2.40978428, 1.93027948, 1.31984669],
        [0.57545474, 1.64490096, 1.09581751, 2.48949762, 0.34858839,
         2.29149601, 1.1192752 , 1.17934108, 2.79134845],
        [0.73146672, 1.45409029, 1.45086256, 0.40282312, 0.35101243,
         1.67124679, 0.93526746, 2.60862691, 2.45995623],
        [1.40569062, 0.85831453, 2.69148707, 0.38564454, 1.78787654,
         2.88772991, 2.60509847, 1.60568303, 1.00697422],
        [1.56202068, 0.71061092, 1.86569461, 2.87545186, 2.14740298,
         2.70368965, 1.99948351, 2.9422097 , 2.63833933],
        [0.25964217, 0.50438536, 2.40764344, 1.18760364, 1.850938  ,
         1.06609787, 1.71604494, 1.53032458, 2.26944389],
        [0.4484997 , 1.60077228, 2.57928656, 2.23113828, 1.19016478,
         0.48625329, 0.19042214, 1.32470617, 2.30350481],
        [0.36838948, 0.06518578, 1.95756029, 2.36777488, 0.82000523,
         0.97266785, 1.91184047, 2.76095216, 1.46234353],
        [0.16653241, 2.1456442 , 2.42873471, 1.45630082, 0.57868517,
         2.13210059, 2.61904439, 0.91815557, 1.93542622],
        [0.11136968, 2.04502054, 0.24338195, 0.84040364, 0.35185211,
         2.41435836, 2.28957265, 0.04963747, 1.28799886]]), matrix([[1.80184753, 2.94457176, 2.08787358, 1.23492066, 2.02635078,
         2.52580017],
        [1.5406452 , 2.01494196, 0.56062007, 0.34029438, 0.44059163,
         1.8861462 ],
        [2.71724317, 0.75485228, 1.62813331, 0.82837246, 1.43202811,
         0.74281807],
        [2.59691755, 2.47155312, 2.68521603, 2.37359729, 1.35194779,
         0.65213553],
        [2.35845147, 2.25736934, 0.47197031, 1.31994659, 2.34854   ,
         1.72364845],
        [0.25730558, 2.49813796, 0.90789027, 1.17193701, 1.57442433,
         1.24700092],
        [2.42622806, 1.17400074, 2.45157146, 1.25166698, 2.71993288,
         1.68360061],
        [1.77436913, 0.25074772, 0.28340359, 0.1205631 , 0.38924739,
         2.80289017],
        [0.13030084, 2.52060626, 2.06372346, 2.06711576, 2.00698443,
         0.20630918]]), matrix([[1.91959262, 1.12946513, 2.50550063],
        [1.98626905, 0.40433083, 2.30076824],
        [1.5967305 , 2.92763324, 2.59011414],
        [1.35343924, 1.3990869 , 2.55929831],
        [2.47597048, 2.71282153, 2.3287264 ],
        [2.39468714, 2.3673084 , 0.1986843 ]]), matrix([[0.87613858, 1.92701455],
        [0.54859605, 2.87729486],
        [0.68741201, 1.84129323]])]
221.76000000000008
[matrix([[0.43973665, 1.31706585, 0.6349021 , 0.97649643, 2.86714934,
         1.22283329, 1.17113257, 0.08186486, 1.79686828],
        [1.96167357, 2.53293902, 1.00131772, 0.00390823, 0.45131581,
         0.02916561, 0.75755849, 0.46191913, 1.36988414],
        [1.98456461, 0.0512494 , 0.65529849, 0.99963119, 1.76840671,
         2.68184769, 2.04769984, 1.25793406, 1.26365226],
        [0.55413412, 1.42311097, 1.75366841, 1.81021576, 1.46149724,
         2.64742221, 1.04143054, 1.46019537, 0.9007931 ],
        [0.08911777, 1.17824881, 0.7866301 , 2.67955439, 2.78137958,
         2.0584098 , 1.86763581, 1.21870246, 0.66581889],
        [1.31698116, 1.21348559, 1.1178178 , 2.94761707, 1.27563837,
         2.27452391, 1.93566754, 1.26973868, 1.50458692],
        [1.93422641, 0.23930463, 2.78156282, 0.22471481, 0.78629686,
         1.41292758, 0.46178583, 1.59837697, 1.74402906],
        [0.9727187 , 0.20630871, 2.97966194, 1.56857449, 0.34164314,
         2.17579075, 2.12081335, 1.89286979, 1.56841391],
        [0.18596673, 2.21260344, 0.61825607, 2.3925755 , 1.84687487,
         1.80336202, 2.34619762, 0.07297812, 1.47661814],
        [1.70716661, 2.05862148, 1.31464956, 2.1856327 , 1.31385304,
         2.51384387, 0.13526707, 1.38028043, 0.01515368],
        [2.19346042, 1.35614723, 1.07668247, 0.47961212, 2.08626086,
         2.43702093, 2.52898621, 0.59801898, 2.01568624]]), matrix([[0.26078707, 1.50960314, 2.7202867 , 2.31658034, 1.31047458,
         0.72871992],
        [0.91322395, 2.44729428, 2.65264856, 2.49039775, 1.63001442,
         0.8660361 ],
        [1.50721634, 0.51523785, 2.81264824, 1.13844268, 1.0796068 ,
         0.924272  ],
        [1.13876381, 2.0358713 , 1.75183725, 2.49949567, 1.49446554,
         1.24676356],
        [2.27985562, 1.08586763, 2.48779954, 1.90714215, 2.26081664,
         0.45941389],
        [0.49795194, 2.91332596, 1.62882375, 1.40553663, 0.21026404,
         0.235192  ],
        [2.23257397, 2.75762245, 1.96328123, 1.66016655, 0.83774676,
         0.19036523],
        [1.19591231, 0.75981075, 1.38813467, 0.85425986, 0.06733921,
         0.79036233],
        [0.49983276, 2.01653852, 0.30184519, 2.808737  , 0.96129491,
         1.05724517]]), matrix([[0.45489055, 0.86521719, 1.34456621],
        [2.12432551, 0.51785838, 0.48932683],
        [0.99813865, 2.83640007, 1.02397294],
        [1.20561447, 2.36959515, 0.15949834],
        [0.40942313, 2.56271593, 0.04786509],
        [0.63987812, 0.41966131, 2.67277688]]), matrix([[2.39254996, 2.64072682],
        [1.8926693 , 2.33465229],
        [1.89305197, 1.91133279]])]
221.76000000000008
[matrix([[2.77323114, 1.3729291 , 2.51922555, 0.15313345, 0.92000382,
         1.3767312 , 2.30774497, 0.37188683, 2.33276834],
        [0.01885837, 0.54472508, 2.15412845, 2.36716858, 2.3884254 ,
         2.27596684, 0.04539506, 1.01421686, 1.56049794],
        [2.72848391, 2.08203336, 0.95868189, 2.97449119, 1.53433439,
         2.89803059, 2.94952795, 2.36654072, 2.92387511],
        [1.69479512, 0.0913993 , 0.55232987, 2.22654623, 1.02559983,
         1.98979843, 2.78024053, 2.62051941, 2.36966587],
        [0.00751896, 1.22972645, 1.61956601, 0.77213956, 1.19204785,
         0.63456748, 1.93669961, 2.30364253, 1.1063727 ],
        [1.6776816 , 0.27770705, 2.93022388, 1.28205247, 2.94091297,
         2.31320841, 0.55090206, 0.35010292, 0.08790902],
        [2.44744115, 2.40923674, 2.95700894, 0.39877235, 0.4927971 ,
         2.27681109, 2.41085966, 0.4794571 , 0.78695456],
        [1.68654751, 0.32654818, 1.66669143, 1.92046161, 1.14391052,
         0.08506058, 0.77232857, 1.39385895, 0.60873527],
        [1.55754985, 1.63845037, 1.84810553, 0.73946085, 0.91221476,
         1.95615879, 0.84886942, 0.16956843, 0.77537692],
        [2.98527912, 2.44976718, 2.75380983, 0.45055362, 1.97011054,
         1.37707085, 0.3725874 , 2.36905691, 1.62492437],
        [2.09751361, 0.07343217, 1.26932052, 2.17127705, 2.19943766,
         0.23339531, 1.32232456, 2.44961343, 0.81244495]]), matrix([[2.1652539 , 2.67252416, 0.21001108, 1.63578587, 0.87181928,
         2.40977071],
        [1.35766815, 0.63212106, 0.98526998, 0.60062778, 2.46093055,
         1.02437059],
        [2.63380449, 1.2545792 , 0.59774887, 2.6333102 , 0.84860423,
         1.82600991],
        [1.86774682, 0.90793752, 2.16310579, 0.47605454, 2.13021917,
         2.05431227],
        [0.80065621, 1.11177696, 1.67472029, 0.02116809, 2.49597643,
         0.01745948],
        [1.17321903, 2.72299749, 2.33072424, 1.53926012, 1.10939488,
         0.25012331],
        [0.11409713, 0.87952755, 0.29906954, 1.32925006, 0.15845791,
         0.165386  ],
        [2.27465673, 1.93839007, 2.10508917, 0.77616787, 1.99505491,
         2.76095102],
        [2.22169517, 0.61667427, 2.16500536, 1.06318386, 2.2775585 ,
         1.82948369]]), matrix([[0.18873761, 0.52219176, 0.86765122],
        [1.01572819, 1.08010949, 1.73433418],
        [1.75977404, 1.75387677, 0.5062788 ],
        [0.24485413, 1.94127594, 0.54525822],
        [2.21507059, 2.90152917, 1.48704363],
        [1.14002604, 0.08866072, 2.85288554]]), matrix([[1.59528259, 2.94578893],
        [1.94234459, 1.27353434],
        [0.9373595 , 1.1632241 ]])]
221.76000000000008
[matrix([[1.90883365, 0.36254956, 0.6473957 , 1.43617569, 1.36525068,
         2.1557515 , 2.91983484, 2.69278381, 2.72939568],
        [2.94861315, 2.73910743, 1.09280596, 2.4786961 , 0.24317516,
         1.85060168, 2.15387645, 0.61893312, 2.84668778],
        [0.22228012, 0.24732334, 1.77816523, 2.3839359 , 2.64184636,
         0.31108459, 1.50833508, 0.40920859, 1.85637542],
        [0.04763772, 0.50281699, 0.28816531, 2.98029044, 1.40500599,
         2.77883867, 0.12011577, 2.41756066, 1.15827806],
        [1.98594888, 2.62767274, 1.69751227, 0.5852815 , 1.02615974,
         2.29591806, 2.93710434, 1.32938959, 0.33172559],
        [2.19990388, 2.15623725, 0.91774694, 0.85281618, 1.05693556,
         0.33628267, 0.4622556 , 2.3438671 , 1.73445153],
        [1.43269048, 1.95510821, 2.8189974 , 0.41111213, 1.57408034,
         0.84920163, 1.09594483, 0.86394898, 0.52470839],
        [1.49798978, 1.52846062, 1.05563575, 1.47484795, 1.2921199 ,
         2.8503028 , 2.18424541, 0.95483691, 2.62155014],
        [0.50751585, 2.39354114, 1.45731218, 0.06562252, 0.04947636,
         2.26509721, 2.76604301, 0.90557497, 1.31666979],
        [1.28577175, 2.84027131, 0.82005834, 1.54059802, 2.88916936,
         2.60776992, 1.62749597, 2.38942213, 2.04403981],
        [2.12126426, 0.60419319, 0.0732346 , 2.64697709, 2.75004923,
         2.84297379, 2.0723047 , 0.50108893, 2.97309194]]), matrix([[0.07795534, 2.56972769, 2.7574699 , 1.79875458, 2.87828282,
         1.36723815],
        [2.51865426, 2.61655544, 2.02595508, 2.08075977, 2.54796879,
         2.71697628],
        [2.13170774, 2.58465285, 1.56553432, 1.14133818, 2.99295586,
         0.62419208],
        [0.87890626, 2.7782571 , 2.31595334, 2.68676824, 1.30702672,
         2.25151657],
        [1.28584226, 1.85543954, 2.11790517, 2.68576257, 2.80978856,
         1.27997056],
        [2.18107852, 2.03213714, 0.90384832, 1.56535599, 0.22142588,
         2.87794878],
        [2.06509867, 1.07739703, 2.16030927, 0.03311373, 2.05819241,
         0.03399569],
        [0.67972618, 0.44426636, 2.73177967, 2.10395583, 0.01843336,
         0.44368921],
        [1.54364986, 0.0768422 , 1.5890638 , 0.30828713, 2.20813268,
         2.92769308]]), matrix([[2.35736742, 2.84987689, 1.57252748],
        [2.23932044, 2.75978681, 0.53306   ],
        [0.1929133 , 2.06559181, 1.53854403],
        [2.59750636, 2.90481061, 1.47472401],
        [2.78892392, 2.30341146, 2.86953911],
        [1.06111511, 1.34413108, 0.64800435]]), matrix([[1.58907909e-03, 5.76643260e-02],
        [1.29241905e+00, 1.80045511e+00],
        [8.82057357e-01, 1.66439635e-01]])]
221.76000000000008
[matrix([[ 2.91164893e-01,  3.25434373e-01,  3.61197720e+00,
          5.26977360e-01,  2.30817131e+00,  1.29842836e+00,
          2.42336539e+00,  5.13570825e-01,  1.90431130e+00],
        [ 1.83978210e+00,  1.56132673e+00,  1.83917002e+00,
          2.62225091e+00,  2.84070991e+00,  1.89158868e+00,
          3.92740380e-01,  3.33361050e+00,  1.65351784e+00],
        [ 1.86156151e+00,  3.24854651e+00,  2.70389695e+00,
          2.41487997e+00,  2.13329009e+00,  9.15654649e-01,
          1.68016373e+00, -8.67810475e-01,  1.23885946e+00],
        [ 1.33474193e+00,  1.74386923e-01,  3.85102822e+00,
          1.61938349e+00,  3.12747096e+00,  1.14938767e+00,
          3.28414127e+00,  2.63412988e-01,  1.62818198e+00],
        [ 7.55097176e-01,  1.06794306e+00,  1.66665266e+00,
          1.14510781e+00,  4.91013498e-01,  2.77074939e+00,
          5.12781914e-01,  4.67125310e-01,  1.86622447e+00],
        [ 1.13521121e+00,  1.80093682e+00, -5.09473067e-01,
          2.17772788e+00,  7.15218619e-01,  1.05029253e-01,
          3.53791184e+00,  7.51257824e-01,  2.07256624e+00],
        [-1.42639316e-01,  2.92983923e+00,  2.60807393e+00,
          2.56033454e+00,  2.59348170e+00,  2.22257532e-02,
          1.23486612e+00,  2.79470727e+00,  1.34473659e+00],
        [ 2.76978724e+00,  1.41061217e+00,  1.49185598e+00,
         -4.72036837e-01,  1.65347733e+00,  2.88321443e+00,
          3.60508146e+00,  1.16147562e+00, -1.21801235e-01],
        [ 6.14557294e-01,  4.02348150e+00,  1.84682544e-01,
          1.67375363e+00,  2.38221561e+00,  2.25894666e+00,
          3.61940909e+00, -8.50019342e-01,  3.45927850e+00],
        [ 2.63589283e-03,  3.07448670e-01,  3.02921781e-01,
          2.63019408e+00,  2.37204724e+00,  3.08011375e+00,
          2.25705970e+00,  4.43850869e-01,  1.77585289e+00],
        [ 1.80210709e+00,  1.25000207e+00,  3.04593634e+00,
         -1.48535645e-01, -6.88442561e-01,  6.53028095e-01,
          2.33387683e+00,  5.01166098e-01, -7.15984218e-01]]), matrix([[ 0.61293249,  2.07602527,  3.25284166,  2.66698814, -0.1761584 ,
          2.35937063],
        [ 0.87514722,  1.67685382,  1.02575919,  3.31656381,  2.29934066,
          1.95291056],
        [-0.67390802,  0.53773844,  2.51327951,  1.94460517,  3.20856195,
          0.78038399],
        [ 2.31806474,  2.30062918,  0.32117916,  1.33247295,  2.65506892,
          2.51001952],
        [ 0.65771524,  2.64227636,  2.33957462,  0.25750243,  0.02852382,
          0.33509516],
        [ 1.91520544,  0.90036271, -0.04193536, -0.06445235,  2.79796087,
          0.55249971],
        [ 0.59227598,  1.06729599,  2.29307592,  0.44267522,  1.38635515,
          1.17153324],
        [ 1.8206882 ,  1.69292753,  1.00432433,  1.13799018,  0.7623716 ,
          0.85059892],
        [ 0.84924144,  2.5254432 ,  1.40336051,  1.20542757,  0.67763382,
          2.22567139]]), matrix([[ 3.64352001,  0.41029764,  0.36217686],
        [-0.11124768,  2.37567405,  3.96642101],
        [ 0.79339646,  2.50629043,  1.30451943],
        [ 0.52054223,  3.22562812,  2.57148399],
        [ 2.39106052, -0.20204732, -1.37420268],
        [ 1.99183953,  3.02737344,  3.15461793]]), matrix([[4.11921012, 0.5370907 ],
        [0.13284119, 2.76219629],
        [0.59849353, 0.53168348]])]
757.6800000000005
[matrix([[1.89046396, 1.9556667 , 2.05533825, 1.32089816, 0.98990395,
         1.12298186, 2.00426932, 1.36093577, 0.85340043],
        [2.07542094, 1.20077302, 1.64894606, 0.07680546, 0.425523  ,
         2.36942664, 0.08683475, 2.34205845, 2.1539025 ],
        [2.79436347, 0.98094022, 0.71568597, 1.9176973 , 0.93502243,
         2.09259422, 0.48720151, 0.61072149, 0.62692268],
        [0.96676475, 0.23518533, 2.97416779, 1.69652301, 1.04286801,
         0.19843894, 1.38259456, 2.88920183, 2.10945601],
        [1.74854126, 2.16367646, 1.15105555, 0.18143237, 1.37730002,
         1.11317939, 0.46416966, 1.3297562 , 2.67212134],
        [1.31992751, 0.90361117, 1.59036084, 2.7730495 , 1.16899494,
         1.86886095, 0.45678234, 1.30529007, 0.68393777],
        [2.23779484, 1.86272477, 0.95139892, 2.6689108 , 2.00048594,
         2.96238683, 1.43114075, 0.70427312, 2.15678201],
        [1.32689533, 2.69206519, 0.23098352, 0.25674784, 2.40027731,
         0.31342761, 1.24339495, 2.42724647, 2.1669847 ],
        [1.79652629, 1.86128055, 2.52963405, 2.87918217, 1.80525034,
         0.85450727, 0.66929073, 2.6300942 , 0.69128273],
        [0.20392583, 2.3080775 , 2.99830804, 2.07891422, 2.93475139,
         1.39215613, 1.50381766, 2.75421414, 0.19054698],
        [2.07213488, 0.57721143, 1.64225645, 2.60357813, 2.60683098,
         2.89617046, 1.18716167, 2.39585532, 1.39997659]]), matrix([[0.50662791, 0.66151123, 0.99753204, 2.55145224, 1.11336882,
         0.73038984],
        [1.00412385, 1.40394716, 1.29519238, 0.25538929, 1.83149457,
         1.37723971],
        [2.21425677, 0.38187735, 0.90728832, 1.98019901, 2.18174198,
         2.01767149],
        [0.81226754, 1.97748136, 1.54742764, 0.54290687, 1.12170282,
         2.20397995],
        [2.86793049, 1.99001672, 1.61955596, 2.82889754, 1.95340462,
         2.28056359],
        [1.66587495, 1.15468025, 2.92920384, 0.55904308, 0.11761191,
         0.70237763],
        [2.9288505 , 1.10623153, 1.4094044 , 1.6964092 , 2.78720898,
         0.39734858],
        [0.48690082, 2.48906789, 2.6000643 , 1.25331612, 1.62383954,
         0.55426229],
        [2.11111734, 1.20493558, 1.06832259, 0.95135398, 1.19678569,
         2.3243544 ]]), matrix([[2.85178547, 0.45676112, 1.2278897 ],
        [1.44374239, 0.72221602, 1.81903211],
        [1.47132363, 0.19690161, 1.06436714],
        [1.28965426, 0.16644052, 0.58051594],
        [0.14771387, 0.95191069, 0.6511655 ],
        [2.4439418 , 0.9903324 , 0.26303607]]), matrix([[0.0192132 , 2.54967318],
        [1.9077968 , 1.64522832],
        [0.61056871, 1.77650483]])]
221.76000000000008
[matrix([[ 1.48644391,  2.35976698,  0.21527326,  1.51375483,  0.80468762,
          0.9010475 ,  1.85915864, -0.18680519,  1.38310274],
        [-0.02629828,  2.39493069,  3.12503779,  4.11024597,  2.91973663,
          2.68139962,  1.75545157,  0.83337686,  1.97307065],
        [ 1.36790562, -0.23465389,  2.69188665, -0.95331357,  1.35920186,
          1.82056645,  2.04909074,  0.44784271,  0.01833076],
        [-0.24221535,  0.10143843,  1.09347367, -0.43344382,  1.46572664,
          1.5936185 ,  3.19509241,  2.63902522, -0.49173244],
        [ 2.23202248,  2.44127221,  3.29457624,  2.36364387,  0.68347874,
          1.39899286,  4.42188887,  1.17794483,  2.84425291],
        [ 1.81472994,  0.6844781 ,  2.78377956,  1.38006438,  0.89436715,
          1.46196666,  0.86359341,  1.90314485,  1.1193236 ],
        [ 0.78749726,  1.75188576,  2.13055588, -2.52818917,  2.12187832,
          0.3985769 ,  1.72801703,  0.67055424,  0.90467883],
        [ 3.01656598,  1.44539149,  3.12421198, -0.11935209,  0.85575872,
          0.60588239,  1.15769696,  2.22280091,  0.09911724],
        [ 2.13113575,  1.57983432,  3.9610534 , -3.52486315,  1.44947951,
          2.3238237 ,  0.6899388 ,  1.1164613 ,  1.43493957],
        [ 1.89566806,  2.3301256 ,  1.22682456,  1.21347107,  0.74334464,
         -1.57393437, -0.76748257,  0.35398816,  1.36111123],
        [ 1.88832216, -0.83775093,  1.42442592,  0.60860788,  0.43930888,
          1.57202951,  2.27373744,  0.57676909,  1.87543949]]), matrix([[ 2.12014046,  5.70068306, -1.26471726,  1.9995893 ,  2.63414767,
          1.34055817],
        [ 0.6044453 , -1.51416638,  1.10258295,  2.55793186,  1.63686363,
          2.11055876],
        [ 2.2223179 ,  2.82270816,  2.16410327,  0.43247251,  0.79153514,
          3.82555541],
        [ 2.56916107,  2.31488977,  1.80285097,  1.462306  ,  1.17598746,
         -3.01687408],
        [ 1.81380898,  2.78589634,  2.91996484,  0.32059922, -0.19425623,
          0.19258541],
        [ 1.54483677,  0.55218544,  1.20156557,  2.39938621,  1.57087645,
          2.15273119],
        [ 1.41676398,  2.79828531,  2.36242204,  1.54259859,  3.450342  ,
          0.6820005 ],
        [-1.15875322,  1.31013599,  0.56994144,  1.40069668,  3.07995799,
          3.44097509],
        [ 1.32198802,  2.39036961,  1.05987708, -1.40922312,  1.13878269,
          1.63050256]]), matrix([[ 2.56107831,  0.36531355,  2.48751317],
        [ 4.10225148,  1.35003334, -1.27197846],
        [ 1.63904569,  3.01221333,  3.11538425],
        [ 2.04686914,  2.47893458,  3.11085947],
        [ 1.19114527, -0.93209335,  2.53247908],
        [ 0.96402988,  0.8853854 ,  1.95540217]]), matrix([[ 1.72193302,  3.33429388],
        [ 4.76975934,  0.77578764],
        [-0.26301957,  0.222652  ]])]
535.9200000000003
[matrix([[2.18082761, 1.4448225 , 0.5654484 , 1.05804808, 0.20974254,
         0.03003415, 0.25497248, 2.27400407, 1.26385795],
        [0.47883319, 2.37663283, 1.01711049, 0.97197061, 0.19849483,
         1.11090062, 2.72145289, 2.65609432, 1.65995514],
        [0.90705928, 1.75478537, 0.03370071, 1.96056637, 2.1030291 ,
         1.7834782 , 1.84161444, 2.22018776, 0.60007315],
        [1.6736344 , 0.17682089, 2.27970187, 1.02277178, 1.38072434,
         0.95887255, 2.06568002, 2.27913929, 2.77073306],
        [2.59420683, 2.53951048, 2.76781389, 1.04606118, 2.26784647,
         0.81870784, 2.60137344, 1.6326427 , 1.58035206],
        [0.60194923, 2.22888648, 1.97944282, 2.19721258, 1.65373551,
         1.36646333, 0.93912298, 1.28376552, 2.56440953],
        [0.99257964, 1.62049727, 0.19892878, 0.20202001, 2.19030866,
         0.87087059, 1.45230329, 0.4534891 , 2.6140198 ],
        [2.76621738, 0.3057009 , 2.79560843, 0.96579929, 2.6676836 ,
         0.98806684, 1.94832208, 0.95260798, 1.70688909],
        [2.26479659, 2.62960002, 2.28755058, 2.8366979 , 0.0990951 ,
         0.5379203 , 1.38433798, 0.73333028, 1.71823796],
        [1.88155771, 2.86403168, 1.85604749, 0.70055738, 1.34567917,
         0.45300869, 2.17504591, 1.80548906, 2.2289437 ],
        [0.83393157, 2.19661036, 0.23181956, 2.91600021, 0.6498846 ,
         2.23521257, 0.28636308, 1.67476472, 2.1884958 ]]), matrix([[1.33266517, 1.68863705, 1.49639322, 2.74094446, 1.26900262,
         1.59059486],
        [1.65070289, 0.00675312, 1.31722832, 1.97994016, 1.25402142,
         2.04037486],
        [0.4495679 , 0.22684994, 0.44206984, 1.23661054, 0.25130705,
         1.68895756],
        [2.5382379 , 0.30422352, 2.19596932, 1.17157874, 0.95671972,
         1.01492778],
        [1.66790706, 0.47842651, 0.20020517, 0.46408383, 0.8127854 ,
         0.73341885],
        [0.96987657, 0.80578172, 1.62021919, 2.21877992, 1.78696293,
         1.987428  ],
        [0.70643152, 1.38924882, 2.65046806, 2.02665937, 2.30566268,
         0.14882902],
        [1.19715112, 1.0610666 , 1.72396318, 2.77525275, 2.59582028,
         1.99573933],
        [1.74117013, 2.98919886, 1.46267426, 0.01067721, 2.42460175,
         2.93812175]]), matrix([[1.03327726, 0.2952165 , 1.86628323],
        [2.33364137, 0.05502799, 2.85060547],
        [0.99164354, 2.50045425, 2.2322988 ],
        [1.7282465 , 2.72049766, 1.18146093],
        [2.64393054, 1.99242318, 0.79928513],
        [2.80438066, 0.0200758 , 2.94655746]]), matrix([[0.31853199, 0.88552124],
        [1.78935906, 1.95629624],
        [2.89917809, 2.80412054]])]
221.76000000000008
[matrix([[ 1.2123728 ,  2.22367641,  0.36616071,  0.6027327 ,  0.63856822,
          0.57498136, -1.02448698, -0.49276332, -0.5641533 ],
        [ 3.29381515,  0.60057093,  2.57767037, -0.12380707,  1.1199114 ,
          1.58245538,  0.59130822,  2.46272709,  2.57546213],
        [ 2.40622435,  2.67661547,  2.3435857 ,  2.75641389,  0.00406001,
          1.86160789,  1.05929844,  2.03891673,  1.04144953],
        [ 1.29748223,  2.40492124,  1.2720227 ,  2.00123334,  0.93122   ,
          0.08068316,  1.09137308,  0.67588912,  0.60841648],
        [ 2.06253165,  2.26798984,  0.90153049,  0.81313184,  0.5559088 ,
         -0.75468031,  1.62148166,  1.52900582,  1.15128521],
        [ 0.43503121,  0.33706984,  0.53374117,  0.08243578,  1.53715262,
         -0.0263907 ,  2.72664597,  2.34231183,  0.67321342],
        [ 2.70689839,  0.26437232,  1.33505983,  1.20950613,  2.30079435,
          0.38261033,  1.16322512,  0.33546868,  1.2507816 ],
        [ 2.03363956,  0.4376835 ,  2.6363941 ,  0.49958574,  0.90625424,
          0.46987634,  1.87252215,  0.80699694,  1.68680771],
        [ 2.44517446,  1.2044123 ,  0.85926317,  1.94110459,  2.70332978,
          2.7918418 ,  2.04729135,  0.84009434,  2.47743639],
        [ 1.92815777,  1.94721456,  1.97195816, -0.12330715, -1.54597881,
          2.07077122,  2.22076634,  1.41774238,  3.12732867],
        [ 0.37126454, -0.32336073,  2.42584103,  1.57085246,  2.77341671,
          1.66105053,  4.05232731,  2.27159887,  2.22413083]]), matrix([[ 2.31150219,  1.64344826,  2.00461156,  1.15536558,  2.27362319,
          2.98367419],
        [ 1.76055892,  1.23397502,  1.17083618,  1.02186913,  0.35725307,
          2.12879525],
        [ 0.69122013,  3.18296599, -0.33735136,  2.88419784,  2.21636832,
          0.33083223],
        [ 2.09074025,  0.28827979,  1.256792  ,  0.75339829,  1.11481919,
          0.42979684],
        [ 1.12579426,  2.14626345,  1.98899631,  1.46720374,  2.28883776,
          4.21583954],
        [ 2.16115532,  1.18383686,  2.58242042,  1.6644096 ,  0.65315523,
          1.25495124],
        [ 1.50759447,  1.331081  ,  1.53939115,  2.24039928,  1.0316939 ,
          1.98351723],
        [ 3.0109612 , -0.20229277,  0.65339324,  2.02893098,  1.07876901,
          0.26223976],
        [ 0.80749548,  0.94203834,  1.64754712,  1.61490322,  1.58145886,
          2.63648291]]), matrix([[0.68847569, 1.91348905, 2.82395905],
        [0.63683113, 2.27533324, 1.00282138],
        [1.2075704 , 1.17504068, 1.55811239],
        [1.08381497, 0.16395787, 3.75464865],
        [0.10334092, 1.74706185, 1.39352877],
        [0.25184151, 1.56359948, 3.81932542]]), matrix([[1.2967194 , 0.27280261],
        [1.22742065, 0.16593705],
        [1.8831202 , 2.76212007]])]
231.00000000000009
[matrix([[ 3.55559323,  2.41575742,  2.69524753, -1.75875383,  2.50614879,
         -1.03072651,  1.59731201, -1.41529319,  2.15227531],
        [-1.83387882,  0.97765543,  1.5661715 ,  2.81945867,  2.42192725,
          2.35198778,  2.12219125,  1.06718637,  1.58551356],
        [ 3.3264478 ,  2.87331645,  4.11349425,  2.84067328, -2.12391925,
          0.52425479,  1.73363832,  2.14265204,  1.67759442],
        [ 3.06324572, -7.61228682,  1.21556857,  0.87095346,  0.9362734 ,
          1.81892667,  0.12739705,  1.87936342,  1.59781129],
        [ 1.03984094, -1.72707478,  1.13637082,  4.02466988,  0.39112925,
          0.42000151,  3.36566063,  1.90204484,  0.97531485],
        [ 0.93452613,  0.77499421,  1.01221485,  1.13033951,  1.26073031,
          2.8699343 ,  1.48139115,  0.20482274,  1.34465066],
        [ 1.95748964, -2.79121111,  0.43155961,  7.41045704,  0.35469547,
          1.80933365,  0.9405471 , -0.2328909 , -1.22959799],
        [ 2.51969013,  3.63930812,  1.84215706,  0.91978596,  2.16744445,
         -0.61019846,  1.13163922,  3.05710134,  0.901436  ],
        [ 1.06255994, -3.7693467 ,  0.65854007,  1.91011695,  0.97067927,
          0.94539713,  0.82416075, -1.70895707,  0.84466899],
        [ 0.47407936, -0.17162436,  2.38633019,  1.81090086,  5.17010016,
          1.15686811,  1.69547944,  1.42981248, -0.98155563],
        [ 0.69818093,  1.83634256,  3.88281871,  1.30949324,  2.01789217,
          2.40464432,  2.14200498,  3.77559654,  1.86292033]]), matrix([[ 0.21783377,  0.29146277,  1.44719097,  1.77614358,  1.43271914,
          0.500066  ],
        [ 2.1741206 ,  2.27009229,  1.73250505,  0.9016404 ,  1.73322327,
          1.37050501],
        [ 3.59376306,  2.43873511,  0.10804032,  0.14258437,  3.01067457,
          1.58517397],
        [ 0.90598048, -0.73692585, -2.06449636,  2.68647387,  1.80065307,
          1.15350752],
        [ 0.68339684,  1.73233675,  1.60329923,  0.31510171,  3.58145777,
          1.16787687],
        [ 2.43164824,  1.83915468,  0.2865303 ,  0.61977054,  2.46783155,
         -0.83866705],
        [-1.45324224,  0.68537193,  0.72595272,  2.11732921,  2.59448985,
         -0.82425364],
        [ 6.55017937, -1.06086942,  5.05854387,  0.16610407,  0.70845311,
          4.3162758 ],
        [ 1.77254441, -0.07358315,  3.96670779,  3.70314608,  2.08003941,
          0.12778073]]), matrix([[ 1.28473549,  3.01430343,  2.09979126],
        [ 2.20729848,  2.24701319,  1.70250365],
        [ 3.03922392,  2.3514255 ,  2.20425288],
        [-0.06373331,  2.06202098, -0.66414155],
        [ 0.85292324,  4.21299411,  1.34079728],
        [ 3.05683688,  0.7636524 ,  0.68000187]]), matrix([[ 1.9064043 , -0.69208771],
        [ 1.26489814,  2.78431799],
        [ 0.5066216 , -0.00437099]])]
1025.6400000000008
[matrix([[  2.41062841,  -0.96070212,   2.71146232,   3.34564738,
           3.67749766,   1.19545832,   1.11097021,   1.33324697,
           1.38665332],
        [  0.28799192,  -6.22639404,   0.81054075,   0.90692285,
           2.75120689,  -1.24821681,   2.02452882,   1.54739624,
           3.29280452],
        [ -4.91037867,  -2.08222763,   1.25437169,  -0.94145649,
           1.54107652,  -2.80032887,   1.65301669,  -3.90626224,
           1.67664208],
        [  2.21828133,   0.95321849,   1.72535343,   2.33020388,
           5.41168712,   2.90989722,  -0.12234184,   2.741645  ,
           1.31922571],
        [ -0.11717744,   0.12720498,   0.06156302,   2.56829744,
           0.67670732,   0.11543717,   3.28825784, -12.37347098,
           1.48591543],
        [  0.4331907 ,   4.28288113,   2.4563695 ,   1.13983017,
          -5.60683544,   1.46680254,   6.35117413,   1.0889305 ,
          -1.19161004],
        [ -1.98332432,   2.63196365,   0.09333367,   3.97771475,
           0.91230162,  -0.18571715,   1.80190942,   2.38012878,
           2.29225574],
        [ -1.93570813,   0.18325069,   2.3630052 ,   4.36912997,
          -0.1297083 ,  -2.00281553,   3.13854769,  -0.19719332,
           1.75396188],
        [  1.66955583,   5.40313602,   2.39470597,   2.448334  ,
           2.74197732,   1.19071986,   0.16495576,   2.12374853,
          -1.56075594],
        [  1.22039268,   0.02779153,   1.72780025,   2.02758998,
           2.03784907,   0.66601399,  -3.41651734,   1.91685059,
           2.25980987],
        [ -0.94641257,   3.0859943 ,   1.2352866 ,   2.86399797,
           2.06746911,   0.75793547,   4.19931412,   1.64904285,
           1.87186281]]), matrix([[-0.21418624, -1.99921919,  0.92890415,  1.45050836,  0.9373395 ,
          0.20396185],
        [ 0.90612426, -0.61118499,  0.61376234,  1.83144233, -0.63471443,
          0.64208598],
        [ 5.91573546, -0.5234605 ,  1.28552855,  3.64876575, -1.93907011,
          5.02270824],
        [-0.23492702, -0.60243364,  3.58705995, -2.87171009,  2.21700025,
          2.48267192],
        [ 1.00631573,  2.73659185,  1.23644333,  0.25803518,  3.96330015,
          1.97347562],
        [ 1.19798825,  3.35397668,  0.13153696,  2.07177034,  2.00253808,
         -2.02864505],
        [-3.82480294,  1.11716954,  2.94530872,  5.6608576 ,  1.81067455,
          2.25797572],
        [ 5.24527163,  4.37368919,  1.58458569, -0.46824364, -3.30770201,
          1.49565109],
        [ 1.95974309, -0.34426844,  3.34328268, -0.77357965,  0.95413558,
         -6.84584935]]), matrix([[-3.64338822, -1.84707116,  1.27425792],
        [ 8.11285386, -0.89759752,  2.28633621],
        [ 2.97448113, -1.04951207, 12.82097531],
        [ 0.61026802,  1.85670805,  4.2596812 ],
        [ 0.68663753,  6.13553198,  1.19084718],
        [ 9.26092582,  3.40401004,  1.94058901]]), matrix([[ 0.65509632,  8.0603573 ],
        [ 0.18377019,  2.49466181],
        [ 3.26360959, -0.39304614]])]
1071.8400000000008
[matrix([[ 2.87006848,  2.40653932,  1.28416472,  4.92979464,  0.76885265,
          1.1053175 ,  1.02653762, -2.51091252,  2.03951753],
        [-1.1508756 , -2.81517538,  0.30980497,  1.72711698, -1.17417216,
          2.86222065,  1.59694077, -3.40020421,  1.98218554],
        [ 1.7710561 ,  2.64174009,  1.80127391,  1.73749121,  2.97702224,
          2.09235493, -0.18598722,  2.3407637 ,  2.17609997],
        [ 3.78749093,  1.40764173, -0.21558446, -1.90103744, -0.76730224,
         -3.61685518, -0.18392181,  2.38139152,  8.80277889],
        [ 1.78362208,  1.34414605,  2.9104444 ,  1.45121789,  0.59122553,
          0.27394086,  2.07708989,  2.58675655,  1.80247656],
        [ 1.99961214,  2.95809578,  3.46337392,  2.58400103,  1.649116  ,
          0.15844649,  1.22140278,  2.78985454,  0.65448539],
        [ 1.8898868 ,  3.20774734,  1.09289615,  3.67994618,  0.71408639,
          1.19683578, -0.37810027,  0.89989981,  0.92724199],
        [ 1.44023005,  1.04910018,  1.62151468,  0.87511619,  3.86962664,
          4.80350431,  0.6518288 , -0.25049437, -6.41330843],
        [ 2.11217466,  0.76953402,  0.56692442,  2.88909034,  1.33498614,
          0.1888191 ,  2.63801795,  6.69483497,  1.34498417],
        [-3.76739052,  1.15909144, -0.5955038 ,  1.44585346,  1.56903021,
          1.36409979, 10.63832616,  0.78054851, -0.29022128],
        [-5.35393319,  2.35807464,  3.18387156,  9.59478491,  4.03722312,
          1.84110377,  2.94596074,  0.45559221, -0.76522023]]), matrix([[ 0.38335273,  0.84332601, -0.68704486,  3.95645845,  1.31381396,
         -1.23533909],
        [ 0.78359845,  1.12555784, -1.09968249,  1.77923435,  0.43927584,
         -0.36441603],
        [ 1.57603257,  3.73460449, -6.24950808,  1.94951975,  1.41333003,
          1.23001381],
        [ 0.91772192,  1.44797818,  1.3240182 ,  3.46725589,  2.21173172,
          1.38326875],
        [-1.27819084,  1.57341826,  5.60345609,  1.90678182,  4.19754333,
          1.98079004],
        [ 2.16011413,  1.2814797 ,  2.81448001,  0.79747221,  2.95443099,
          3.19020539],
        [ 3.64988785,  3.08706069,  1.57794186, -0.50062615,  2.09891137,
          2.50792912],
        [ 3.7083354 , -1.62952387,  2.36213742,  0.64096005, -0.59532631,
         -0.54623841],
        [ 0.90943679, -0.02019006,  1.42172706, -0.49821109,  6.09931303,
          5.72315779]]), matrix([[2.31066585, 1.38651548, 0.89477985],
        [0.79149064, 2.33831339, 2.07041824],
        [1.81278945, 3.65856317, 2.094049  ],
        [4.45382903, 1.43666422, 3.58517867],
        [3.56829274, 1.01016683, 0.86397045],
        [3.39313388, 3.23122344, 1.6800197 ]]), matrix([[ 0.38957191,  2.15708573],
        [ 0.67061689, -3.59152231],
        [-0.82780669,  1.00030509]])]
1764.8400000000015
[matrix([[ -6.89882159,  15.19986372,   1.43800218,  -0.89291736,
           2.31080513,  -0.44446627,  -4.46010453,  -5.38657355,
         -11.61580544],
        [  2.30299552,   2.85184207,   0.90254267,   0.62965328,
           1.02390993,   0.04406455,   1.23036467,   6.6491696 ,
           2.25625477],
        [  1.00833838,   2.57847754,   1.00287137,   1.29087053,
          -1.48911778,   5.11722932,  22.0308663 ,   1.17736257,
          -2.09853823],
        [  3.57381663,   6.23996455,   2.65149666,  14.01580407,
          -5.1181835 ,  -0.25024222,   0.68459183,  -1.21033568,
           2.61158083],
        [  1.91022429,  -2.28054239,   4.0753677 ,   0.02882013,
           2.94232805,   2.48081661,   0.46959887,  -2.58062046,
          -1.04371477],
        [  4.79538755,   2.80666433,   2.74183385,  10.46204634,
           3.05963239,   2.2984309 ,   0.44644464,  -2.11104069,
          -0.1959817 ],
        [  0.94632887,  -3.5385453 ,   2.82122958,   0.02248282,
          -2.85587402,  -2.68577698, -17.03293865,   7.75412576,
           1.42127462],
        [ -9.21468085,   2.49788455,  -0.42695746,   0.18896305,
          12.3094781 ,   0.28515975,   5.05347485,  -4.71033427,
           0.95587649],
        [ -5.287958  ,   1.35008038,   3.17436954,  10.06167347,
           1.8638962 ,   4.93066335,   0.30804878,  -0.30432606,
           0.96772832],
        [  3.57216229,   1.3423648 ,   2.96813794,   1.37310407,
           5.6930514 ,   0.68750365,   2.69648777,  -2.7528606 ,
           3.63442435],
        [  3.296592  ,  13.0202273 ,   1.46102343,  -1.62811681,
           3.00168147,  -0.36708887,   1.7040741 ,   4.2453777 ,
           1.48181951]]), matrix([[ 4.68748569e+00,  4.79489865e+00,  1.28399167e-01,
          1.33040261e+00,  1.73381572e+00, -8.27302429e+00],
        [-3.08886664e+00,  2.68591087e+00, -8.14477636e-01,
          3.19858520e+00,  4.09544346e+00,  2.56145228e+00],
        [ 5.43850949e+00,  9.70742964e+00,  1.65875011e+00,
         -1.51123796e-02,  6.57653717e-01, -1.20986982e+00],
        [-2.48748455e+00,  9.19527375e-01, -2.47295152e+00,
          1.69285942e+00,  1.07453304e+01,  4.08938837e-01],
        [ 2.27346436e+00,  1.95129040e+00, -2.55499001e+00,
          3.54120874e-01,  2.85345063e+00,  1.58300491e+00],
        [ 3.51886852e-01,  3.91823158e-01, -1.37377135e+00,
         -1.70320750e+00,  3.30578623e+00,  1.15817498e+00],
        [-2.99277641e+01, -2.33396505e+00,  5.71799911e+00,
          7.40183629e+00,  7.70502346e-01,  5.95845711e+00],
        [-3.56615999e-01, -2.71095844e+00,  5.08634041e+00,
         -1.42612859e+00,  4.53680227e-01,  3.04196328e+00],
        [ 1.59253664e+00,  8.35224191e+00, -1.50319499e+01,
          1.34942495e+01,  4.79506759e+00,  6.06005659e+00]]), matrix([[ 1.79790816, -5.8655017 ,  0.15866426],
        [-7.35885156,  0.01064042, -0.31360432],
        [-1.05497412,  3.56626339, -5.38957675],
        [-5.06460127,  0.42354912,  3.91215842],
        [-0.95872714, -0.3746348 , -1.01371   ],
        [ 3.67714846,  1.24550973, -0.21510625]]), matrix([[ 0.21991735,  2.8708477 ],
        [-0.63012527,  1.85482641],
        [12.45914553,  1.84203704]])]
2439.3599999999924
[matrix([[  1.24934382,  -2.01099367,   2.64716088, -39.02155605,
          -1.30795209,   4.87593752,   3.00879554,   6.43621708,
          -1.9305913 ],
        [ -2.01776869,  -9.31649467,  18.55262088,  -1.19836705,
          -7.38180061,   5.53047269,   4.00312973,   4.31092788,
           8.46794437],
        [  4.41709861, -11.96800886,   0.3242037 , -11.76805227,
          18.95708116,  11.23632606,   0.26651211,  18.39019057,
           1.72093797],
        [  1.95253345,  -6.18425377,  -5.42780036,   6.69137581,
          45.7798128 ,   2.71749136,   1.67046495,   0.184122  ,
          -1.87858748],
        [  0.7136561 ,   2.78963576,  -3.50282486,  14.88543059,
          21.1374209 ,   2.98040994,   0.89415033,   4.46594544,
           8.316754  ],
        [ 13.44412712,   2.95233118,   6.93442184,   1.3938611 ,
          -6.059482  ,   3.36731224,  -1.65492506,   3.48239718,
           4.47532268],
        [ -2.79275459,   2.78721393,   6.40588696,  -5.79412069,
           8.83675335,   4.27617173,   3.97468685,  -3.07119899,
          19.52269597],
        [ 13.23124483,   4.82981217,  12.70889727,   3.2518385 ,
           9.05535066, -16.87429755,   2.69679544,  -0.53968407,
           0.33040891],
        [  3.40578336,   0.66400547,  -0.75442448,  -0.30507897,
           5.26107775,   1.61520964,  -4.57474603,   1.4903048 ,
           4.2656951 ],
        [-10.70206921,  -3.46310119,   0.86227435,  -4.37378642,
          -0.2741113 ,   4.40418978,  -4.28712377,   4.06920706,
           6.41163882],
        [ -9.71738258, -10.052161  ,   1.8880417 ,   4.75478612,
           5.01790049,   3.87158739,   1.47791383,   1.15510645,
         -10.88233042]]), matrix([[ 1.35550860e+01,  3.51420076e+00, -4.72313091e+00,
          5.64912302e-01,  3.55405498e+00, -1.23573697e+00],
        [-1.55217778e+00,  2.07808886e+00, -2.59188302e-01,
         -3.16067672e-01,  5.76173478e-01,  1.89947430e+00],
        [-4.81050638e+00, -1.26382246e+00, -6.53464103e+00,
         -3.98646001e+01, -3.82886554e+00, -5.86576218e+00],
        [ 6.26460520e+00, -4.00539657e+00, -4.99017785e+00,
         -2.71416527e+01,  3.15196821e+00,  1.92752520e+00],
        [ 2.27598462e+00, -3.33410035e+00,  2.58051059e-02,
          1.57641628e+01,  3.29673303e+00,  6.33370360e+00],
        [-2.54857291e-01, -2.22167119e-01, -3.21617849e+00,
          1.36349083e+01, -2.83132557e+00,  3.38338200e+00],
        [ 2.07326428e+01,  2.32150405e+01,  4.44971060e+00,
          3.54022213e+00,  1.30201927e+01,  1.50085824e+00],
        [-9.17269220e+01,  1.67319378e+00,  4.47873940e+00,
         -2.62633483e+00, -1.01378553e+00,  4.03749966e+00],
        [ 5.65019995e+00,  3.94797906e+00, -1.78206444e+00,
         -4.15918249e+00,  1.90210038e+00, -1.43149904e+01]]), matrix([[-2.22285078e+00,  1.62918639e+01, -5.30116258e+00],
        [ 2.51023169e+00,  1.26413447e+00,  2.13708929e+01],
        [-3.12820567e+00,  1.13634976e+00,  1.65709696e-02],
        [-2.68764465e+01, -3.30619547e+00, -1.49756343e-01],
        [ 7.17492094e+00, -5.18519244e+00, -5.17221583e-01],
        [ 9.33138773e+00,  1.02427434e+01, -6.46466280e+00]]), matrix([[ 5.49262769,  5.3893318 ],
        [ 0.35671177,  0.57701909],
        [-1.03271358, -7.81291178]])]
2587.199999999989
[matrix([[-2.46740015e-01,  5.72341961e+00, -2.05043461e+00,
         -3.21515847e+00,  1.18905060e+01, -7.53091259e+00,
          8.35527580e-01,  1.05721649e+01, -4.90947647e+00],
        [-8.50381453e+00,  3.20614544e+00,  2.82719336e+01,
          5.89992475e+00,  5.85255266e-01, -4.53600279e+00,
          5.22006071e+00,  1.61882946e+00, -2.08015115e+00],
        [ 2.95953026e+00, -1.35641959e+00,  1.75810075e+01,
          6.11490509e+00,  1.15669634e+01, -4.41373683e+00,
          1.79813655e+01,  5.29607643e+01, -4.37334381e+00],
        [ 8.70824701e+00,  7.25892319e+00, -1.02191683e+01,
         -1.08088223e+01, -1.18261993e+01,  1.75036764e+01,
          1.03631802e+01,  4.63752513e+00, -2.11512336e+00],
        [-7.33417219e+00, -1.36653185e+01,  3.80968255e-01,
         -4.05649777e+00, -1.17806381e+01,  8.24767975e+00,
         -5.31211495e+00, -1.54225885e+01,  4.21197904e+00],
        [-8.39353760e+00,  2.20809267e-01, -6.55858757e+00,
         -2.33001398e+00,  2.11031026e+01,  1.91287856e+00,
          8.52936036e+00,  3.78020123e+00,  1.54580271e+00],
        [ 2.98506643e+00, -2.69948245e-01,  8.29344180e+00,
          4.10318270e-02, -9.81102168e-01, -1.23906360e+00,
          2.83013535e+00, -2.32660090e+01, -3.92838430e+00],
        [ 2.07435678e+01, -1.27348335e+01,  2.08771465e+00,
         -6.77094649e+00,  1.11141638e+01, -1.53411872e+00,
          2.48546644e+00,  1.59047722e+00,  6.23758488e+00],
        [-9.23303754e+00, -6.52002032e-01,  1.28928911e+01,
          5.04948856e+00,  8.80693987e+00,  7.70263402e+00,
         -9.40656356e+00,  3.51659102e+00, -2.37595845e+00],
        [-1.48651022e+00, -3.78935184e+00,  2.30155437e+00,
         -2.21631486e+00,  8.43029736e+00, -5.08463094e-01,
          8.02091684e+00,  8.57502565e-01,  1.53597243e+01],
        [-2.97020132e+01,  5.71415598e+00,  1.23179136e+01,
         -4.77719317e+01,  1.11376221e+01,  1.08215210e+00,
          1.01170780e+00,  3.69073829e+00,  7.43283106e+00]]), matrix([[  0.82260151,   8.58991591, -23.20839171,   2.99632696,
           4.55318646,  -3.05684756],
        [ -1.22849063,  -7.83221014,  -4.95001659, -30.47336056,
          -5.20718289,   4.97182535],
        [-26.97115586,   1.98851587,  -7.98585431,  -3.90943114,
         -11.59009197,  -5.16798258],
        [ 30.12530786,   8.00103163,  -1.56726087,   4.32635089,
           0.75710985,   0.86328179],
        [-11.99980966,   2.52872989, -22.83008607, -13.70710456,
           3.72585851,   0.45623864],
        [  3.66632742,   7.60523901,  17.16617827, -12.86336828,
         -39.40856563,  10.03530804],
        [  6.52370277, -98.72521964,   5.57489298,  10.52207997,
           0.39759103,  -2.53687349],
        [-28.48514357,   2.94767939,  -2.77221628, -96.07617278,
           4.59420242,   0.21971827],
        [ 14.28844451,  22.53670442,   7.08281475,  -1.28085777,
          -5.83698812,  12.15463457]]), matrix([[  1.9078898 ,   4.36494231,  38.49190167],
        [  2.74105631,  -5.08134933,  26.23206399],
        [  2.72583913,   1.44968205, -13.47000711],
        [  9.48392156,  -7.56987999,  13.87208289],
        [  0.26490175, -31.95509541,   7.43018105],
        [ 22.9033723 ,   6.42821612,  -2.10987805]]), matrix([[-2.74912359e+00, -4.57760829e+01],
        [-5.67092549e-03,  1.03063954e+01],
        [ 7.00816249e+00, -1.25078385e+00]])]
4315.079999999948
[matrix([[-4.14328482e+00, -7.32458293e+00, -3.78696621e+00,
         -2.65369058e+01,  3.53979525e+00,  2.79221823e+01,
          1.38271987e+00,  4.24394439e+00,  4.49805644e+00],
        [ 4.21581547e+00,  5.04826625e+00,  3.05689314e+02,
          3.22333361e+00, -3.02383373e+00,  1.00446661e+01,
          1.08533492e+01,  1.38816612e+01,  1.27860012e+00],
        [ 9.69111242e+00, -1.10369416e+01,  3.94461841e+01,
         -1.11875577e+00,  4.38229960e+01, -2.87772995e+00,
         -7.90074734e+00, -1.76636938e+00,  1.02204686e+00],
        [ 5.43802872e+00, -9.85966415e+00,  2.08467248e+01,
          7.99651004e+00,  5.98884223e+01,  3.10870347e+00,
         -1.82058164e-01, -1.41444374e-01,  1.48724906e+01],
        [ 2.95752800e+00, -7.75200267e+00, -1.84984776e+01,
          1.62238460e+01,  2.78023532e+01,  4.33729826e+00,
          2.37662144e+01,  1.33650719e+01,  1.00790557e+01],
        [ 3.48780604e+01,  8.75550371e+00,  4.27952094e+00,
          1.37510177e+01,  1.57330563e+01,  2.55608659e+00,
         -2.33291645e+00,  7.29479233e-01,  5.70073411e+00],
        [ 5.89157491e+00, -7.42913516e+00,  3.79055372e+00,
         -5.72823619e+00,  1.74599784e+01, -4.24836643e+00,
          1.33293819e+01, -1.70900191e+01,  1.97895488e+01],
        [ 1.10472455e+01,  6.27287321e+00,  1.40475155e+01,
         -1.48517130e+00, -1.10791284e+01, -1.23938846e+01,
          4.57893625e+00, -2.00151503e+01,  2.52694073e+00],
        [-2.48650864e+00,  7.94224244e+00, -1.04945889e+00,
          2.88390670e+00,  4.68467818e+00,  1.40323611e+01,
         -5.54481879e+00,  1.19379603e+00,  1.58132393e+00],
        [ 9.26555101e+00, -1.54670007e+01, -3.90166566e-01,
         -5.28008974e-01,  1.08816619e+01,  3.50960555e+00,
          5.20332865e+00,  8.29851426e+00, -7.46645424e+00],
        [-1.77134205e+01, -6.89331745e+00,  2.56979949e+00,
         -7.59782178e+00, -3.21061630e-01,  2.08334672e+00,
         -1.78860154e+00,  5.65531361e-01, -1.35444457e+01]]), matrix([[-1.50250862e+01, -2.67513731e+00, -7.86120255e+01,
         -4.35582024e-01, -4.85144657e-01,  1.29632495e+01],
        [ 1.48142386e+01,  6.10900933e+00,  3.53044667e+01,
         -6.32025171e+00, -9.65001136e+00, -7.03847139e-01],
        [ 4.87515465e+00,  2.34519532e+01,  4.39926965e-02,
         -6.06844586e+01,  1.96847680e-01, -2.02804778e+01],
        [ 3.70495679e+00, -1.14854188e+00,  8.15810617e+00,
          5.35571312e+00, -1.24025541e+01, -3.57717277e+00],
        [-1.48526193e+01,  9.55102985e+00, -3.45120663e+00,
          1.78150773e+01, -2.30049290e+00,  3.64853563e+00],
        [-1.90715991e+00,  2.68061779e+00,  5.37909468e+00,
          2.14127201e+01, -4.10200212e+01,  3.85128419e+00],
        [ 8.83705002e+00,  6.30314447e+00,  1.10548982e+01,
          1.76088967e+01,  1.16597535e+01, -4.50894250e+00],
        [-1.05166594e+02,  1.09795719e+01,  6.05467793e+00,
          4.61490153e+01, -2.63586681e+00,  2.11195160e+00],
        [ 5.65430185e+00, -6.33009530e+01, -7.43594727e+00,
          1.73381372e+00, -6.00402010e-01, -1.97903719e+01]]), matrix([[-3.75850932e+00,  8.09824948e+00, -5.56140541e+01],
        [-5.92377580e-01, -5.77453953e+00,  5.10950642e+00],
        [-5.33710866e+00, -4.45477832e-02,  2.73089469e+01],
        [ 3.73100033e+01, -6.48782865e-01, -1.00790012e+01],
        [ 1.13114950e+01, -6.31585296e+00,  1.72902122e+01],
        [ 1.21933083e+01,  7.26819233e+00, -1.26273094e+01]]), matrix([[3.05039117, 3.14909729],
        [0.4091371 , 2.00898919],
        [5.79873043, 0.07724433]])]
5950.559999999909
[matrix([[ 1.17617447e+01, -1.25906750e+01, -6.47040581e+00,
         -3.20585716e+01,  4.89735161e+00, -3.42017940e+01,
         -1.83963172e+00, -8.90953199e+00,  9.28642265e-03],
        [-7.25120020e+00, -8.24309080e+00, -4.23321027e+02,
          1.00115722e+00,  8.14425109e+00, -6.30047413e+00,
          5.80455522e+00, -4.79300303e+00,  3.20657186e+00],
        [ 2.10098835e+01, -1.07262578e+01,  3.60849894e+01,
          2.77623316e+00,  6.10839424e+01,  5.47198558e+00,
         -1.89297873e+00, -3.07767725e+00,  1.11946959e+00],
        [ 3.16419435e+00, -2.11245479e+01,  1.93419440e+01,
          7.33439413e+00,  5.48967236e+01, -7.73860193e+00,
         -1.72897041e+00, -2.89409045e+00,  8.66844686e-01],
        [ 2.50195154e+01,  1.06115127e+01, -4.45733852e+00,
         -1.16317135e+00,  1.75621337e+01, -1.62898181e+01,
          8.18533640e+00,  1.35839694e+01,  8.65672385e+00],
        [ 2.96000101e+00, -6.31374369e+00,  2.75001287e+00,
         -4.84674176e+00,  1.73079246e+01, -5.39265180e-01,
          4.47371858e+00,  1.59550320e+00,  1.48157486e+01],
        [-3.53279030e+00,  3.50878071e+00,  2.69390194e+00,
         -1.53383637e+01, -5.67820682e+00, -2.61886331e+00,
         -1.69060958e+00,  1.63012398e+01,  9.97887071e+00],
        [ 9.34090227e+00,  1.66503751e+00,  1.57547480e+00,
          2.14123748e+02,  3.10214432e+01, -1.14398913e+01,
          7.27017112e+00,  3.73534175e+00,  2.55498056e+00],
        [ 2.27654048e+00,  4.82196887e+00,  7.45547676e+00,
          1.82595822e+01,  7.91802979e+00,  2.07180618e+01,
         -3.42740471e+00,  1.28266633e+00,  1.04827018e+00],
        [ 3.03145847e+01, -4.97795129e+00,  5.68300467e+00,
         -4.30969942e+00,  5.94240020e+00,  1.12615193e+01,
          2.99326519e+01, -1.85107936e+01, -2.29501058e+01],
        [-2.39005811e+01, -6.54840260e+00, -5.56629805e+00,
         -9.49459367e+00,  1.47676891e+01,  5.79047348e+00,
          3.28766360e+00, -2.83207551e-01, -1.11461489e+01]]), matrix([[ 2.79660861e+01, -3.10360107e+00,  9.15420668e+00,
          3.47590525e-02, -8.49620620e+00,  1.17020964e+01],
        [ 1.28358830e+00,  1.69607442e+01,  4.52365474e+01,
          2.53937010e+00,  1.28063402e+00,  3.46868461e+00],
        [ 4.88583580e+00,  3.90417222e+01, -4.99509950e+00,
         -8.30714407e+01,  3.99730068e+00, -8.56015505e+00],
        [-2.74241834e+00,  5.14304603e+00, -2.66499577e+01,
          6.53316368e+00,  1.23507723e+01,  1.67150677e+00],
        [-3.20116414e-01,  4.61930029e+00, -1.00199656e+00,
          4.92699779e+01,  3.78437218e+01,  1.48979796e+01],
        [ 1.83870599e+01, -5.29623139e+00, -1.66677008e+00,
          4.03959468e+02, -1.18285871e+02,  2.06158940e+00],
        [-3.05826543e+00,  5.84803912e+01,  1.04548104e+01,
          1.89343671e+01, -2.75997338e+00,  1.67037104e+01],
        [ 2.00247921e+01,  9.56797759e-01,  3.25602169e+00,
          3.29544782e+01,  6.57311424e-02,  1.21897496e+01],
        [ 9.82402839e+00,  3.07667229e+01,  5.64406659e+00,
         -7.37879715e+00,  1.43592882e+01, -2.12132981e+01]]), matrix([[ 11.19995027,   8.18896932, -47.36711854],
        [  0.22784292,   6.8535798 ,   1.92121316],
        [ -2.53203682,   4.95191844,  12.24428271],
        [-26.94165845,  -9.00102223,  10.20197049],
        [ 21.78039714, -25.48004083,   0.95271992],
        [  8.95443228,   8.31585468,   6.33786142]]), matrix([[-11.9588225 , -37.36846305],
        [  1.50077574,   2.07920103],
        [  8.76020162, -14.44452613]])]
6338.6399999999
[matrix([[ 2.77083385e+00,  1.98729126e+00, -2.84630526e+00,
          5.75379615e+00, -2.27603533e+01,  2.46296065e+01,
          4.30639528e+00,  1.89869770e+01, -2.11342588e+00],
        [-7.32498452e+00, -2.59808182e+01,  7.21658162e+02,
          1.54087142e+01,  4.99484792e+00,  6.08379923e+00,
          3.60869505e+00,  2.81318770e+01,  4.27537180e+01],
        [ 1.21003758e+01,  9.73852006e-01,  2.68664124e+01,
          1.06274786e+00,  4.68014821e+01, -2.05336482e+00,
          3.67473143e+01,  1.45837455e+00,  3.03506434e+00],
        [ 3.06992321e+00, -9.90949487e+00, -1.39125628e+00,
         -3.65630508e+01,  2.73843171e+01, -3.76342590e-01,
         -3.77114631e+00, -5.21394997e+00, -9.40031796e+00],
        [-2.36458687e+01, -3.25939011e+00, -2.91823686e+00,
         -1.29920924e+02,  1.33449451e+01,  3.42163101e+00,
         -6.79245017e+00,  1.18183024e+01,  2.79318836e+00],
        [ 2.74359948e+01, -1.46848543e+01, -1.64134077e+01,
          1.61549864e+00, -6.76485754e+01,  1.36855807e+01,
         -4.68550070e+00,  5.34050084e+00,  4.95111168e+01],
        [ 4.56622480e-01,  3.66973440e+00,  3.75379756e+00,
         -1.14361137e+01,  1.57958294e+01,  5.00836103e+01,
         -1.35181572e+00,  1.35360979e+01, -7.99760997e-01],
        [ 6.03391173e+01,  1.24714657e+01, -7.16235359e+00,
         -4.94934634e+01,  2.71854040e+01, -2.70715466e+01,
          5.05343548e+00,  5.46262083e+00,  7.32103225e-02],
        [-5.80274063e-01,  4.73768895e+00,  1.63770146e+01,
          2.32470891e+01,  3.44514912e+01,  2.70762703e+01,
         -5.07147146e+00,  5.62284782e-01,  1.70068565e+01],
        [-6.40396816e+01, -1.96915935e+00,  6.75070555e-01,
         -4.63529788e+00,  4.60863897e+00,  4.94164337e+00,
          1.81521577e+01,  5.45964290e+00, -3.57633270e+01],
        [-2.93579862e+01, -3.19283073e+01, -1.11600541e+00,
          6.99945810e+00,  2.14511282e+01, -2.81053713e+00,
         -4.47898108e+00,  3.97877218e+00, -2.93796418e+00]]), matrix([[  17.75801737,    3.32346554,    7.2321327 ,    0.98878005,
            8.47185645,   15.67968341],
        [   8.52619278,    1.13484525,   51.65734979,   10.99065736,
           10.25479369,    2.27474993],
        [  -4.46874683, -118.99221853,  -20.98848579,  -54.74082929,
          -10.78218116,   24.25032007],
        [  17.46604806,    2.94214933,   14.40119248,    0.49269796,
           -4.82854279,    1.40481517],
        [ -34.65425214,    0.95643664,   -1.22233563,   25.54133536,
          -29.01733824,    6.94792509],
        [ -28.52378155,  -11.4575322 ,   -5.9266218 ,   10.76291797,
          -48.12978086,   -9.25295241],
        [  -2.84832468,   39.88054255,   -2.17253024,   71.98500841,
           30.47292451,    2.29986257],
        [ -19.52204007,  -14.34813441,   -1.99644595,   28.13401163,
           -2.51387715,   -4.77558336],
        [ -15.52936773,   19.45224324,    3.05959434,   -4.61473195,
            2.57980547,   -2.25728146]]), matrix([[ 1.23248929e+01, -3.05922366e+00, -4.10304373e+00],
        [ 1.84669337e+01, -7.77673245e-01,  1.73870630e+01],
        [ 5.46896827e-03,  1.67968737e+00, -5.49507183e+01],
        [ 7.34782613e+01,  4.19322960e+00, -4.00295862e+00],
        [-1.25676393e+01, -1.36055688e+01,  1.70287874e+01],
        [-1.38601019e+01,  1.75188682e+01,  2.04987721e+00]]), matrix([[-3.72317432,  6.91915063],
        [-0.16456408, -0.52574729],
        [ 5.10969671, -6.43447977]])]
7678.439999999869
[matrix([[-6.41123471e+00,  3.76678143e+00,  1.68202867e+01,
          1.07911202e+00,  6.78811557e+00, -3.34321305e+01,
         -2.83001852e-01, -1.38752813e+01, -2.85969715e+01],
        [ 7.78953654e+01,  1.81412268e+01,  9.67110912e+02,
         -1.25358987e+01, -5.31001632e+00, -2.01576244e+01,
          6.58940128e+00, -3.84492048e+01,  1.65034148e+01],
        [-2.86977396e+01, -1.12326317e+01,  1.07214029e+02,
          2.74712042e+01,  6.84659871e+00,  1.08727748e+02,
         -2.86101965e+01,  4.41030228e+01, -2.32918465e+00],
        [ 4.86295202e+00,  3.96999780e+00, -4.64032578e+01,
         -3.44286516e+01,  2.94486806e+00,  1.28373301e+01,
          2.61263724e+01, -3.12684186e+01, -2.36627596e+01],
        [-1.07607425e+00, -2.17246026e+01,  3.56592982e+01,
          5.35415854e-01, -7.75074706e+00,  9.65055431e+00,
          6.85649699e+00, -5.44369834e+01,  9.10812864e+00],
        [ 2.03946806e+01, -7.44361234e+00, -1.39159432e+01,
         -1.22754682e+02, -2.13961561e+01,  1.12889019e+01,
          1.30744613e-01, -7.48225475e+01, -1.91991076e+01],
        [ 1.87826356e+01,  3.10752264e+00, -1.83374879e+01,
         -7.88554801e-01, -1.46409393e+00,  2.02622938e+02,
          4.63425344e+01, -7.71651260e+00,  2.28617643e+01],
        [-7.87315007e+00, -1.01482537e+01,  8.53923430e-01,
         -1.01718789e+02,  1.83772613e+00, -5.48376180e+01,
          5.94289364e+00,  1.09882725e+01, -1.25000706e+00],
        [ 8.00693344e+00, -2.08752970e+00, -1.84166764e+01,
         -4.42981449e+01,  5.44158227e+01,  2.75989368e+01,
         -4.12836023e+00, -7.66650983e-02, -8.24306427e+00],
        [ 2.96164163e+00,  2.32681484e+01, -7.72711417e-02,
         -2.29322329e+00, -1.78076711e+01,  2.07325267e+01,
          1.10948443e+02,  1.33458871e+01,  2.34387100e+00],
        [-2.67550690e+01, -1.12181294e+01,  6.83297845e+00,
          8.56630139e+00, -9.48485583e+00,  4.46592389e+00,
          1.27011655e+01,  3.66580087e+00,  3.29599836e+00]]), matrix([[ 2.73715169e+01, -1.04655924e+01,  3.59429203e+01,
          8.38606899e+00, -1.21886690e+00,  8.77453315e+00],
        [-5.53389531e+00,  4.73690396e+00,  2.27716034e+01,
         -1.15192512e+01, -2.74476788e+01,  2.96716236e+00],
        [-4.96113994e+00,  4.46860644e+01, -1.35708189e+01,
         -2.26119241e+01, -2.03512661e+00, -2.38040605e+01],
        [ 1.03452844e+01, -1.08854865e+00,  1.49731217e+01,
         -2.12777369e+01, -4.42294161e+00, -5.73331098e-02],
        [-1.00630745e+00, -9.16667188e+00,  1.90927915e+01,
          2.25513165e+02,  2.70034264e+00,  4.41367429e+01],
        [ 5.57201358e+00,  2.30609541e+00, -1.01155968e+01,
          6.71500313e+01, -1.61274566e+01, -2.04102161e+01],
        [-1.87243519e+01,  1.75734783e+01,  6.29517933e+00,
          3.31496436e+01,  7.64264633e-01, -3.96348917e+01],
        [-6.94554531e+01,  8.45562163e+00,  2.44358414e+00,
         -7.22800729e+01, -4.86093020e+00,  3.26214133e+00],
        [ 1.03924980e+01,  4.55741739e+01,  8.17358063e+01,
         -2.99068536e+01,  1.35524224e+00, -3.21148759e+01]]), matrix([[-12.628941  ,  17.73130692, -36.78714822],
        [ -0.92496203, -23.47082268,  55.69069714],
        [ -9.69776809,  31.64124557, -26.78773155],
        [ -3.54934942, -12.11174495, -16.83305245],
        [ 26.511444  , -21.91298056,  -8.12249136],
        [-34.46228726, -21.43580507, -20.59923883]]), matrix([[10.43904461, 31.10605814],
        [ 0.37012683, -6.66260425],
        [36.42777805,  0.98592075]])]
8750.279999999844
[matrix([[ 2.33411899e+01,  1.20305852e+01, -2.56830913e+00,
         -1.43493301e+00,  1.45616234e+01, -7.01618624e+00,
          9.20810948e-01,  1.68775866e+01, -1.43761070e+01],
        [-1.98614579e+01,  6.33854778e+00,  7.34649334e+02,
          2.00990954e+01, -9.46752465e-01,  2.66853293e+01,
          2.98819185e+00, -1.16612432e+00, -1.20821607e+01],
        [-3.56498880e+00, -1.12950626e+01,  5.56348509e+01,
         -1.92122351e+01, -3.30802772e-01,  2.33355611e+01,
          3.59585257e+00,  6.03108487e+01, -1.32175002e+00],
        [-4.61713006e+00, -7.82939229e+00, -2.36714729e+01,
          1.62487177e+02,  1.88073018e+01,  8.81835010e+00,
          1.59502112e+01, -3.01689649e+01,  8.22864417e+01],
        [-2.25553180e+01,  2.74878111e+00, -3.22428806e+01,
          1.42351255e+01, -2.69613144e+01, -1.40506380e+01,
          5.22858748e+00, -6.90212068e+01, -1.12815549e-01],
        [ 5.49217557e+00, -1.36532353e+01, -6.17190351e+00,
         -1.22363230e+01,  1.09622545e+01,  1.15233978e+01,
         -1.20678770e+01, -1.40297432e+01,  1.50529845e+01],
        [ 5.00930125e+01,  1.53125101e+00, -1.44259346e+00,
         -2.16440162e+01,  4.19006934e-01, -3.64685431e+01,
          3.96131258e+01,  9.00654757e+00,  1.42633344e+00],
        [-2.77946161e+01, -1.11486770e+01,  1.66531063e+02,
         -1.86596851e+02,  1.10407028e+01,  1.39134999e+01,
          3.24999014e+00,  3.24117388e+01,  2.92743844e+00],
        [-3.78432254e+00, -1.43825830e-01, -6.84435268e+01,
          5.82858232e+01,  3.19321783e+01,  9.52508648e+00,
         -1.63428785e+01,  1.41732732e+00, -8.78270723e+00],
        [ 1.33316632e+01, -4.55038727e+00,  6.97304804e+00,
         -4.69199024e+00,  2.92611789e+01, -9.15161475e-02,
          4.37658362e+01,  1.01181119e+01,  4.76872028e+01],
        [-9.80216206e+00, -1.72886216e+01,  7.16822213e+00,
         -1.11157745e+02, -5.95059868e+01,  2.68951354e+00,
         -1.00768658e+01, -2.93954516e-01,  1.25694079e+02]]), matrix([[ 1.52978608e+01,  2.51345690e+01, -7.75734882e+01,
          1.17446374e+00,  3.16100751e+00,  1.89209397e+01],
        [-4.53765132e+00, -1.56608796e+00, -9.61399899e+01,
          3.00380125e+01, -2.94992687e+01,  5.86506517e+00],
        [-8.77287592e+00,  1.71624781e+02, -9.59804923e+00,
         -2.05084327e+01, -1.43280696e+01,  2.10177138e+01],
        [ 1.89785453e+01,  2.28711785e+01, -7.24030670e+00,
          4.02387387e+01,  1.25120220e+00,  6.63149667e+00],
        [-1.14475044e+02,  8.60574685e+00,  1.75818334e+01,
          2.52837619e+01,  6.10782019e+00,  2.00806620e+01],
        [ 2.54303683e+01, -8.92513783e+00, -2.40327697e+00,
          1.86799916e+01, -7.01601450e+01, -1.66498253e+01],
        [ 1.73365307e+01, -2.79271871e+00,  9.55308146e+00,
          6.11047662e+01,  8.07348910e+00, -1.27022036e+02],
        [-1.14979145e+02,  1.71791941e+01,  3.39308188e+00,
          2.43938170e+01,  1.21461088e+00, -1.08602101e+00],
        [ 2.14501895e+01,  9.00623479e+00, -5.11626235e+01,
          6.11267616e-02,  9.47303174e-02, -1.04582172e+01]]), matrix([[ 10.24333673,  21.48289062, -17.18710127],
        [ -7.65610153,   4.40922754,  43.11698851],
        [  3.11964402, -17.34111019,  30.60586445],
        [  3.85840466, -81.6221854 , -94.28960259],
        [-25.04710291, -22.14109015,  20.2373433 ],
        [ -5.85078835,  10.93608914,  -1.05699658]]), matrix([[-55.6751793 ,  14.56516596],
        [ -1.27723038,   5.42064083],
        [ 32.3098721 ,   2.33565335]])]
12150.599999999764
[matrix([[-5.42229419e+00,  1.95072621e+01,  2.64779774e+00,
         -1.54176068e+01,  7.20608386e+00, -5.81546752e+01,
         -1.77825568e+00,  4.71418248e+01, -1.55499356e+01],
        [ 9.41395901e+00, -3.52434132e+01,  5.51294270e+02,
          7.51112823e+00,  3.51468096e+00,  1.26060146e+01,
          9.37117074e+00,  4.50669631e+00, -8.32939144e+00],
        [ 2.30458400e+01, -1.13339077e+01,  1.20757784e+02,
         -3.34625837e+00, -7.74716103e+01,  9.16483685e+01,
          2.38047013e+01,  2.32650894e+01,  6.87835196e-01],
        [ 4.94982538e+00,  2.99149959e+00, -6.99054793e+01,
          7.29836885e+01,  4.00019097e+01,  7.92244104e+00,
          3.03661954e+01,  2.95809528e+00, -8.70845687e+00],
        [ 8.21520544e-01,  3.03953742e+01, -4.69936119e+01,
          2.65516191e+01,  3.07149507e+01, -3.69791367e+01,
         -3.53078431e+00, -1.35067728e+02,  5.39691620e+00],
        [-2.61707078e+01, -8.55458838e+00,  5.30897061e+01,
         -7.90950651e+00,  7.66203198e+00,  5.88392591e+00,
         -1.90706912e+01, -1.34719779e+02,  5.82204125e+01],
        [-5.07559570e+01,  5.33210932e+00, -3.33449508e+01,
         -1.35632710e+01,  5.93098328e+00, -4.48950004e+01,
          7.71232273e+01,  1.85968141e+00,  1.67060264e+01],
        [-7.49049960e+01, -3.22522936e+00, -4.30300371e+00,
         -6.58804091e+01, -1.02842912e+01, -4.48878409e+01,
          2.91983898e+00,  1.47378790e+01, -5.13041351e-01],
        [-9.19264941e+00, -7.90441393e-01, -5.02067709e+01,
         -3.12910909e+01,  2.81672084e+01,  3.29140109e+01,
         -2.97652160e+01, -2.53615633e-01, -6.65485394e+00],
        [ 7.03527465e+00, -6.18791755e+01,  1.14540445e+01,
         -1.75955729e+00, -1.10115802e+01,  9.00259616e-01,
          6.86585303e+01,  2.37275221e+01,  1.35180759e+00],
        [-3.12931639e+01, -1.37141901e+01,  5.91127187e+00,
         -6.94965521e+01, -1.01237419e+01,  2.96195409e+00,
         -1.95574621e+00,  2.60884099e+00, -2.62307692e+01]]), matrix([[  49.86802976,   32.21430922,  -34.53642435,    0.75073821,
           -6.17156708,   63.84191198],
        [   0.88627411,   -2.28282532,   26.44412323,    5.56589738,
           -2.61537911,    2.55809462],
        [ -19.74056311,  100.53460143,  -16.91558423,  -27.43355554,
           11.97227689,  -26.33898643],
        [  14.19358512,    7.50762049,   74.40902317,  -10.86794849,
           -9.30897219,   -6.85097076],
        [   1.26686514,    4.54886406,   18.58883106,  -30.77987867,
          -32.2372732 ,   94.8066503 ],
        [ -45.15790776,    0.47211674,   -6.65602041,  -36.91645389,
          -78.76585881,  -15.92830439],
        [ -11.42586511,  -25.47867958,   -3.15272052,   43.48785526,
            1.4510085 , -111.71825971],
        [ -94.53169   ,   -0.54899489,    2.3888422 ,   30.76853731,
          -22.80490651,    1.9776088 ],
        [  12.33838309,   55.7510872 ,   37.15849482,   -0.32421171,
            0.49118059,  -10.36029778]]), matrix([[  8.02574104,  16.09126865, -32.98783031],
        [ -3.64738302, -15.88830057,  31.3739244 ],
        [  4.48622223,  41.95563286, -46.50802268],
        [-79.32125801,  -4.85872867, -25.24602344],
        [ 65.1345982 , -22.47735996,  -7.80884228],
        [ 21.55819352,  15.55312441,  -4.69219453]]), matrix([[19.33927541, 10.11910803],
        [ 0.12861839, 12.70194519],
        [17.88129237, -5.4355835 ]])]
15671.03999999968
[matrix([[ 1.99099061e+01,  1.38852942e+00,  3.27923055e+00,
          7.63908852e+00,  7.96628849e+00, -4.73114465e+00,
         -5.55457659e+00,  4.35299149e+01, -5.05236230e+01],
        [ 4.41550348e+01, -3.48753933e+01,  5.60465820e+02,
         -4.15164498e+01, -2.65680618e+00, -5.59964006e+00,
          3.48895408e-01, -3.93447059e+01, -5.78641490e+00],
        [ 2.57893730e+01, -8.99527500e+00,  7.01578495e+01,
          2.18861041e+00, -6.29746011e+01,  1.05353032e+02,
          2.33044754e+01,  9.94775542e+00, -3.88737067e+00],
        [ 6.62519363e+00, -1.33976620e+01, -6.41903065e+01,
          9.02447263e+01,  1.20348581e+02,  6.38044066e+00,
          3.00595008e+01, -1.58137744e+01,  1.51256097e+00],
        [ 1.59232688e+00, -7.17935088e+00, -5.73816741e+00,
          9.10297986e+00,  2.11841807e+01,  6.38960224e+01,
         -2.61935446e+00, -1.49941681e+02,  6.11182058e+00],
        [ 7.98009430e-01, -8.24234763e+00,  3.73729725e+01,
         -3.84107718e+01, -2.95222481e+01,  1.79413574e+01,
         -2.91462585e+00,  4.96023934e+01,  1.29893039e+01],
        [-6.15610857e+01,  3.14883780e+00, -4.13376606e+01,
         -9.69427990e+00,  7.08721385e-01,  6.50357257e+01,
          9.62490613e+01,  1.01589639e+00,  6.39547871e+00],
        [-4.07859404e+01, -3.67752615e+00, -2.18706463e+00,
         -2.45939201e+02, -6.33487690e+00, -4.99144629e+01,
          5.36366012e+00,  1.58595641e+01, -2.17932274e+00],
        [-7.77629960e+00,  3.91530230e+00, -3.20435935e+01,
         -4.58995874e+00,  4.27279965e+01,  1.75240472e+01,
          4.70749127e+01,  1.28442587e-02, -3.62969607e+00],
        [-5.04205211e+00,  6.13979546e+01,  1.01061632e+01,
         -3.10484285e+00,  2.12729548e+00, -7.12596389e+00,
          8.60023462e+01,  2.08886434e+01, -3.27227384e+00],
        [-2.54958435e+01, -9.30642417e+00, -1.17717167e-01,
         -7.58136061e+01,  1.20784717e+01,  2.82245649e+00,
          2.13469350e+01, -5.87578003e+00, -7.50899743e+01]]), matrix([[ 58.95328659,  45.1736855 , -36.99024028,   7.58011809,
         -13.24412431,  48.14483717],
        [-14.54258164,  -4.25259716,  48.51665191,  36.27660824,
          -9.17202545,   3.18286154],
        [-19.13351209, 252.19990323, -13.16607777, -30.03889657,
          36.31683541, -19.20133229],
        [ 10.84497852,   7.84331194,  32.03274413,   7.6233816 ,
           5.65538234,  -3.27959472],
        [ -1.38104037,  -1.71515518,  14.89515137, 140.70480589,
         -28.64004684,  78.28676484],
        [-28.88438267,   8.17229229, -10.55092197,   9.87522006,
         -39.63156493,  -1.10771709],
        [-24.07701069,  -8.32606917,  -1.81153512,  40.76577591,
           1.11313407,   8.95995678],
        [-76.15929215,   9.77559737,   2.6607128 ,  41.6506656 ,
          -6.83028453,  -3.60298604],
        [  8.13270482,  63.03723066,  45.70094726,  -2.77590874,
           4.26737204,   4.68504629]]), matrix([[   0.68975972,   13.70618186,  -70.02171796],
        [  11.14196964,   -8.05992033,   40.17598313],
        [   2.11654737,   26.29423747,  -87.11277157],
        [ -86.87160248,   -8.63457762,  -18.97199465],
        [  22.60172411, -100.62971836,  -21.94339787],
        [  13.84857856,    4.88714393,  -37.15079604]]), matrix([[-66.41580487,   4.46171413],
        [ -0.0751746 ,   6.96502235],
        [ 46.08744914,  -2.69303889]])]
18322.92
[matrix([[ 2.36737457e+00, -4.32794391e+01, -5.30072960e-01,
         -3.48303238e+01, -5.75962573e-01,  5.27064650e+01,
         -2.95586551e-01,  3.91402238e+01, -1.13637974e+01],
        [ 1.30184836e+02,  1.54649856e+01,  6.94347272e+02,
         -1.69062136e+01,  3.30739071e+00,  1.28394233e+01,
          1.51658624e+01,  2.43543999e+00,  4.36136259e+01],
        [ 1.01134360e+02, -1.26767814e+01,  1.55738256e+02,
          6.91069197e+00, -5.28054572e+01, -1.03953419e+02,
         -2.51237397e+01,  1.80421022e+01,  2.71836166e+00],
        [ 3.38668485e+00,  2.89599424e+00, -4.86235831e+01,
          6.45453292e+01,  6.48594181e+01,  6.31905242e+00,
          2.92373379e+01, -1.71753212e+01,  1.06363959e+02],
        [ 1.35450402e+01, -2.41047695e+01, -2.99447984e+01,
          4.47849089e+00,  3.53897795e+01, -7.27427792e+01,
         -3.56814033e+00,  1.14967512e+00,  9.80454385e+00],
        [ 7.85315490e+00, -7.36530683e+00,  9.94642484e+01,
          6.68050830e+01, -6.33619928e+01,  1.86965209e+01,
          1.10700467e+00, -2.37659945e+01,  2.87587717e+00],
        [-4.69588320e+01,  6.00013805e+00, -2.70907437e+01,
         -1.68696242e+01,  2.07495803e+00, -1.33938390e+02,
          1.80519700e+01,  2.10332142e+00,  1.73518892e+01],
        [ 8.21191118e+01, -1.53570843e+01,  3.69266079e+01,
         -2.11572637e+02,  8.63735683e-01,  4.71978144e+01,
         -5.02893730e+00,  1.44128910e+01, -5.11682751e-01],
        [ 4.82152729e+00, -3.27300906e-01, -1.68217729e+01,
          1.29062647e+01, -2.83744332e+02,  1.86543810e+01,
         -1.39729347e+01,  2.50799238e-01,  5.76431228e+01],
        [ 2.19273102e+01, -5.01075325e+01, -2.62578252e+00,
         -2.37774798e+00,  1.21856870e+00, -8.25941879e+00,
         -4.03058828e+01,  4.15776464e+01, -6.01344442e+00],
        [ 1.52903503e+01,  1.24714274e+01,  6.30229569e+00,
         -8.76581910e+01, -3.30138642e+01, -2.26949186e+00,
         -1.53374356e+01,  9.79425791e+00, -2.52638134e+01]]), matrix([[  81.17829381,  -12.19761948,  -30.57309107,   -2.02420037,
          -14.86986766,  -45.22925467],
        [  -0.33142157,   -9.09609785,   26.06424196,    3.8839202 ,
            4.44883025,    3.31162481],
        [ -23.81701057,  136.00625472,   -7.27464137,  -11.27888759,
           14.01217092,  -41.71749029],
        [  22.30835068,    4.24623249,  112.95762504,  -46.97927027,
           -5.40273939,   -7.19383374],
        [  -2.96259733,   -5.87605167,    0.88096437,   53.05171711,
         -103.09401891,   17.62244023],
        [ -72.52674675,   16.63297759,    4.44007949, -162.77592236,
            6.40599215,  -11.97399647],
        [ -84.81263146,   10.54717617,   -5.76617383,   43.21182432,
            0.9670773 ,   -7.83769897],
        [-100.07022403,    4.75429591,    2.84888204,  165.06877705,
          -10.9705677 ,   -2.89435767],
        [  -2.27679002,   37.68816121,   96.73356765,  -23.78532725,
            6.07672719,  -28.06177936]]), matrix([[  18.73951674,   20.28081837,  -59.53613646],
        [ -20.62825909,   -5.17128241,   28.63781675],
        [  -0.850136  ,   39.68421731,  -73.81395137],
        [ -80.62049061,  -26.76545131,  -25.89980173],
        [-120.79716195,  -24.85857099,  -20.87003611],
        [ -14.9312543 ,    0.46888153,    1.89504233]]), matrix([[-1.22842452e+02, -2.61185468e+00],
        [ 2.90025391e-02,  5.50097783e+00],
        [ 4.70622188e+00, -2.52887803e+00]])]
24772.440000001116
